testcases/62000007.csv
# %ECSV 0.9
# ---
# datatype:
# - {name: DATETIME, datatype: string}
# - {name: MJD, datatype: float64}
# - {name: X, unit: pix, datatype: float64}
# - {name: Y, unit: pix, datatype: float64}
# - {name: RA, unit: deg, datatype: float64}
# - {name: DEC, unit: deg, datatype: float64}
# - {name: FLUX, datatype: float64}
# - {name: FLUX_ERR, datatype: float64}
# - {name: MAG_AUTO, unit: mag, datatype: float32}
# - {name: MAGERR_AUTO, unit: mag, datatype: float32}
# - {name: BACKGROUND, datatype: float64}
# - {name: FWHM, unit: pix, datatype: float32}
# - {name: A, unit: pix, datatype: float32}
# - {name: B, unit: pix, datatype: float32}
# - {name: THETA, unit: deg, datatype: float32}
# - {name: FLAGS, datatype: int16}
# - {name: R50, unit: pix, datatype: float32}
# - {name: MAG, unit: mag, datatype: float32}
# - {name: MAGERR, unit: mag, datatype: float32}
# delimiter: ','
# meta: !!omap
# - {DATASET: AST3}
# - {FIELD: hd136488}
# - {OBJID: 62000007}
# - {OBJECT: J151821.23-604857.04}
# - {RA: 229.588455}
# - {DEC: -60.815845}
# - {MAG: 14.9656}
# - {CREATED: '2016-01-12T02:13:27'}
# - comments: ['', 'Chinese Astronomical Data Center(CAsDC), http://casdc.china-vo.org', 'EMail: support@china-vo.org', '', 'Chinese Virtual
#       Observatory(China-VO), http://www.china-vo.org', '']
# schema: astropy-2.0
DATETIME,MJD,X,Y,RA,DEC,FLUX,FLUX_ERR,MAG_AUTO,MAGERR_AUTO,BACKGROUND,FWHM,A,B,THETA,FLAGS,R50,MAG,MAGERR
2012-04-12 20:15:38,56029.844189814816,8396.9926950763,61.99972813574661,229.5882694558174,-60.81586311780911,3543.6,269.432,15.4733,0.0825724,469.382,3.60097,1.49382,1.23556,78.418,0,2.67334,15.2977,0.0551185
2012-04-12 20:16:02,56029.84446759259,8397.064584320286,62.56982390446304,229.5883252149678,-60.81583857741142,3108.81,284.771,15.6181,0.0994791,468.425,3.49878,1.36182,1.09232,73.4852,0,2.31525,15.3243,0.0559382
2012-04-12 20:16:26,56029.84474537037,8397.70986565285,63.51982645513537,229.58859186603067,-60.81582891409658,3544.9,292.589,15.4668,0.0896364,470.124,3.13726,1.22479,1.12437,71.4113,1,2.2263,15.1872,0.0502376
2012-04-12 20:16:50,56029.84502314815,8397.657871482206,63.87110421569157,229.58859834603126,-60.81580477149896,3705.12,294.324,15.4165,0.0862687,470.079,3.88369,1.19189,1.13273,-12.8538,0,2.17063,15.1194,0.0473989
2012-04-12 20:17:14,56029.845300925925,8397.648741229423,64.49738452415164,229.58853268273776,-60.81580914984983,4706.44,253.958,15.156,0.0586002,471.496,4.17697,1.25972,1.15395,-65.4223,1,2.18619,15.034,0.0441835
2012-04-12 20:17:38,56029.8455787037,8397.892025871019,65.19170969141764,229.5885581394658,-60.81580963134708,4701.9,229.263,15.1563,0.0529529,470.81,4.16124,1.28041,1.14325,-53.3238,1,2.09211,15.0259,0.0440441
2012-04-12 20:18:02,56029.84585648148,8398.032059307725,65.4114503454159,229.58848213128712,-60.815811879597064,5265.05,241.145,15.0308,0.04974,471.579,4.01121,1.37275,1.22927,-64.9515,1,2.29917,15.0375,0.0446863
2012-04-12 20:18:26,56029.846134259256,8398.1849239551,65.92114332604834,229.5885085283547,-60.81578952407517,5196.92,207.124,15.0404,0.0432827,472.329,3.52166,1.26352,1.12002,-72.0886,1,2.04279,14.9112,0.0399479
2012-04-12 20:18:50,56029.84641203703,8398.122342673405,66.88274352775301,229.58848605892555,-60.81582317101946,5077.64,225.268,15.0558,0.04818,474.503,4.14839,1.369,1.18679,-74.5685,1,2.18521,14.9581,0.0423781
2012-04-12 20:19:14,56029.84668981482,8398.127378795763,67.25761533442682,229.58842240054696,-60.81580655287461,5980.67,238.207,14.8771,0.0432548,476.055,4.28369,1.42283,1.18206,-56.7686,1,2.33511,14.8944,0.0391487
2012-04-12 20:19:38,56029.846967592595,8398.386140913,67.90598324941085,229.5885221293033,-60.81578932240682,5810.85,247.347,14.8991,0.046227,479.204,4.76861,1.44826,1.20407,-59.5354,1,2.34459,14.8868,0.0397738
2012-04-12 20:20:02,56029.84724537037,8398.114285745385,68.40024694587963,229.58846053338505,-60.81578803842239,5686.77,257.285,14.9186,0.0491335,482.37,5.48889,1.47896,1.19184,-58.9161,1,2.34556,14.884,0.0401064
2012-04-12 20:20:26,56029.84752314815,8398.654594951262,68.64456172398025,229.5883760828837,-60.81575816809915,6026.51,269.384,14.8517,0.0485441,481.148,6.52792,1.64629,1.29376,-57.5566,1,2.60122,14.8829,0.039937
2012-04-12 20:20:50,56029.84780092593,8399.072919518037,69.18754861193337,229.58848543561467,-60.815752590216505,5688.12,296.72,14.9176,0.0566509,480.766,6.14511,1.48013,1.23038,-64.6857,1,2.39842,14.8716,0.0393783
2012-04-12 20:21:13,56029.84806712963,8399.246619141139,69.49487378835228,229.58837105883063,-60.815758154492364,6149.05,269.542,14.8388,0.0476044,477.412,6.52605,1.64327,1.28854,-56.243,1,2.65809,14.8302,0.0377701
2012-04-12 20:25:23,56029.850960648146,8400.46102976802,61.99911539569354,229.58822236295032,-60.81581109822298,3112.4,305.417,15.6082,0.106568,462.758,4.5664,1.47553,1.38781,73.8377,0,2.62021,15.2994,0.0565157
2012-04-12 20:40:51,56029.86170138889,8403.06409175702,62.00153595447688,229.58840795268054,-60.81591107585166,3055.86,288.626,15.6391,0.102573,456.291,4.03892,1.4154,1.27497,79.1047,0,2.68358,15.3481,0.0580537
2012-04-12 20:41:15,56029.861979166664,8404.038124003459,62.00150538738374,229.58832392462736,-60.815793082562074,3280.24,302.594,15.561,0.100181,458.832,4.315,1.51925,1.42194,27.126,0,2.69616,15.3495,0.0582198
2012-04-12 23:37:01,56029.98403935185,8455.948496649527,64.0559067802117,229.58853660970465,-60.815819944552814,3874.89,283.982,15.2085,0.0795904,655.676,3.58667,1.17635,1.1688,-5.35677,0,2.18006,15.0801,0.0562259
2012-04-12 23:37:25,56029.98431712963,8455.809265012569,65.05890956423545,229.58857515445376,-60.81585249967273,3960.75,202.484,15.1872,0.0555191,656.553,3.34887,1.17591,1.10982,-46.8313,1,1.99968,15.0053,0.0524608
2012-04-12 23:37:49,56029.98459490741,8455.912008680376,65.2035670872488,229.58852393161018,-60.815831949618364,4407.93,247.032,15.0739,0.0608622,657.861,3.72151,1.20099,1.07797,-52.4693,1,2.03341,14.9837,0.0515148
2012-04-12 23:38:13,56029.984872685185,8455.865271699964,66.02971647770948,229.58853068753461,-60.81580322208297,4397.83,231.369,15.0726,0.0571343,663.283,3.80323,1.3241,1.12428,-59.4781,1,2.08203,14.9578,0.0504982
2012-04-12 23:38:37,56029.98515046296,8455.726944932665,65.66282329115468,229.58853318780382,-60.81583743012712,4387.12,274.397,15.0733,0.0679251,665.633,3.23397,1.23934,1.08186,-71.5107,0,2.09044,15.0556,0.0551961
2012-04-12 23:39:01,56029.98542824074,8456.027194382086,65.99743024631967,229.58858493781057,-60.81583805568862,3810.07,216.841,15.2221,0.061807,667.695,3.38295,1.09406,0.976385,-54.576,0,1.79036,15.0718,0.0563175
2012-04-12 23:39:25,56029.98570601852,8455.981585731433,66.26058499037639,229.588561513586,-60.81582731408812,4630.82,248.541,15.012,0.0582867,670.987,3.53948,1.33273,1.11062,-59.7701,1,2.12613,14.9393,0.0500401
2012-04-12 23:39:49,56029.985983796294,8456.132582838243,66.2297793135206,229.58851633071686,-60.815805704343326,4579.87,225.767,15.0166,0.053535,678.493,3.49696,1.28635,1.08479,-53.2765,0,2.04023,14.9429,0.050253
2012-04-12 23:40:13,56029.98626157407,8456.453294199055,66.34482711163501,229.58855202658907,-60.81580304990728,4654.4,233.939,14.9947,0.0545843,683.745,3.54223,1.41795,1.10814,-58.0688,1,2.17468,14.9398,0.050994
2012-04-12 23:40:37,56029.98653935185,8456.758023009572,65.54483722214073,229.58847841828768,-60.815803651173475,4190.46,251.366,15.1033,0.0651441,687.485,3.18011,1.3053,1.05821,-63.2377,1,2.0958,15.0647,0.0575473
2012-04-12 23:41:01,56029.98681712963,8456.756661904683,65.32825008166415,229.58851963751047,-60.81580431132726,4154.01,238.173,15.116,0.0622665,690.122,3.62598,1.20784,1.10511,-50.153,1,1.98063,14.983,0.0530192
2012-04-12 23:41:25,56029.98709490741,8456.70658046776,65.27183556563661,229.5885712674888,-60.81581300752456,4111.56,242.56,15.1231,0.0640682,693.487,3.76028,1.22676,1.09848,-52.8343,1,2.0014,15.0393,0.0562262
2012-04-12 23:41:49,56029.98737268519,8457.28902912394,64.22222234970195,229.58851746260058,-60.81580542777533,3804.36,288.981,15.1931,0.0824932,695.664,3.54333,1.35575,1.24304,-82.4639,1,2.2585,14.9949,0.0556753
2012-04-12 23:42:13,56029.987650462965,8457.144625879244,63.094222306255446,229.58846973690544,-60.81586632406507,2790.54,290.568,15.5381,0.113081,699.175,4.07904,1.32687,1.18272,71.6822,0,2.17863,15.2074,0.0670976
2012-04-12 23:42:37,56029.98792824074,8457.06454276163,63.09808895149775,229.58856434089617,-60.81587048883478,2654.23,286.92,15.5953,0.117396,700.788,3.78631,1.25429,1.16079,65.2983,0,2.26538,15.3147,0.0732039
2012-04-12 23:57:41,56029.998391203706,8461.947430882023,69.7634554242697,229.58847974069258,-60.81576221104826,5617.36,299.309,14.8418,0.0578652,754.914,6.77113,1.57902,1.26554,-63.4377,1,2.49028,14.8222,0.0461976
2012-04-12 23:58:05,56029.99866898148,8462.234720016204,71.02281079051797,229.58846203729507,-60.81576773289402,5287.92,296.354,14.9058,0.0608634,758.444,6.56018,1.61175,1.22853,-72.2181,0,2.66716,14.9204,0.0501455
2012-04-12 23:58:29,56029.99894675926,8462.188952974231,70.58484060531573,229.58844957652602,-60.815783119399725,5241.03,294.853,14.912,0.0610968,762.473,6.91245,1.52987,1.21159,-64.142,0,2.46711,14.9146,0.0507458
2012-04-12 23:58:53,56029.99922453704,8462.20500317589,71.2819448437868,229.58847648631442,-60.81578029615114,4943.12,291.243,14.9682,0.0639858,769.099,6.53213,1.54696,1.28699,-65.4075,0,2.53837,14.9556,0.0533357
2012-04-12 23:59:17,56029.999502314815,8462.141551432009,71.9094989431065,229.5884236201709,-60.81582246347917,5408.7,282.481,14.8688,0.0567186,771.492,6.11334,1.48113,1.18528,-60.0286,0,2.46002,14.9058,0.0504593
2012-04-12 23:59:41,56029.99978009259,8462.293091364741,72.29887236857978,229.5884051075837,-60.81578740601204,5727.75,318.298,14.8026,0.0603504,778.607,6.97945,1.72705,1.3985,-66.1487,0,2.81241,14.8607,0.0489507
2012-04-13 00:00:05,56030.00005787037,8462.184563393192,72.82995485599302,229.58850349462838,-60.815798229613705,5437.56,300.259,14.8549,0.0599682,785.433,6.64047,1.47832,1.25298,-50.8291,0,2.53304,14.8764,0.0498879
2012-04-13 00:00:29,56030.00033564815,8462.354291121435,73.15752137117293,229.58840680994982,-60.815799372707296,5082.23,297.721,14.9232,0.0636188,796.89,6.61351,1.42127,1.1597,-54.2153,0,2.33644,14.8649,0.0494138
2012-04-13 00:00:53,56030.000613425924,8462.845359842056,73.41292179531389,229.5883988086035,-60.81573326427816,5625.77,298.407,14.8045,0.0576046,800.343,7.37528,1.58097,1.25449,-59.6167,0,2.59449,14.8438,0.0492894
2012-04-13 00:01:17,56030.0008912037,8463.125443126617,73.42382877657677,229.58843427013667,-60.81574964140804,5166.16,298.572,14.8941,0.0627641,805.465,7.01186,1.46317,1.2171,-51.6273,0,2.45787,14.8396,0.0492764
2012-04-13 00:01:41,56030.00116898148,8463.089543314522,73.46017124590742,229.58839953200956,-60.81578731380653,5108.93,303.243,14.9091,0.0644601,810.134,6.50851,1.45121,1.23176,-79.0169,0,2.44911,14.8803,0.0514273
2012-04-13 00:02:05,56030.00144675926,8463.095022012061,73.37940119795684,229.5884237876834,-60.81579939796414,4440.46,264.569,15.0555,0.0647056,817.741,5.57362,1.35658,1.1126,-65.9207,0,2.22642,15.0435,0.0593312
2012-04-13 00:02:29,56030.00172453704,8463.153842859425,73.69606559077648,229.58844166659443,-60.81580277032145,5063.81,290.773,14.9069,0.0623601,825.619,6.91905,1.41342,1.20083,-63.9034,0,2.31731,14.8991,0.0528453
2012-04-13 00:02:53,56030.00200231482,8463.53742649039,72.58099509116228,229.58838745711262,-60.815770657205796,5241.88,296.666,14.8649,0.0614625,831.969,6.43356,1.53552,1.24732,-73.4213,0,2.48697,14.8912,0.0528949
2012-04-13 00:03:17,56030.002280092594,8463.57550445813,70.82263815374581,229.58848026190267,-60.815825296067594,5106.16,290.758,14.8886,0.0618396,837.209,7.18611,1.53767,1.24618,-50.4166,0,2.56746,14.9292,0.0546985
2012-04-13 00:07:51,56030.00545138889,8464.687535991483,69.19637056646806,229.58843953053744,-60.81575242646734,5048.86,298.253,14.8718,0.0641537,935.702,5.56662,1.43452,1.20582,-67.2137,0,2.38592,14.8532,0.0540316
2012-04-13 00:08:15,56030.00572916667,8464.707368334659,67.59381061243637,229.5884216231534,-60.81581404764038,4986.26,281.15,14.8891,0.0612341,937.269,5.61601,1.56158,1.2394,-56.9903,1,2.54329,14.9351,0.0576233
2012-04-13 00:08:39,56030.006006944444,8465.196689524595,66.20676717173534,229.58847519588107,-60.81582067273762,4333.87,253.008,15.0507,0.0633998,935.151,3.70376,1.40943,1.12511,-58.0955,1,2.22367,15.0006,0.0609748
2012-04-13 00:09:03,56030.00628472222,8464.986985253818,66.4143628059474,229.58860407045236,-60.81586235155439,4297.46,246.971,15.0627,0.0624114,944.907,3.8209,1.2565,1.06372,-60.8934,1,1.97338,14.9533,0.0589815
2012-04-13 00:09:27,56030.0065625,8465.418857215202,65.90457487033322,229.5885498312073,-60.81581696449327,4603.95,295.503,14.998,0.0697045,945.956,3.70503,1.37624,1.12454,-65.6609,1,2.23527,15.0413,0.0628701
2012-04-13 00:09:51,56030.006840277776,8465.04776480469,66.16368448114896,229.58856205022178,-60.815822862221886,4344.01,246.343,15.0607,0.0615857,955.289,3.72272,1.11907,1.02237,-60.4776,1,1.86483,14.9655,0.0585971
2012-04-13 00:10:15,56030.00711805555,8465.091069415768,65.48961459597739,229.58860779906254,-60.81585015071838,3699.44,234.114,15.2314,0.0687261,961.681,3.6564,1.19084,1.09065,-40.8228,0,1.95902,15.0542,0.0645172
2012-04-13 00:10:39,56030.00739583333,8464.736674960213,66.27954349923145,229.58862304448135,-60.81581172649456,4102.98,237.015,15.119,0.0627345,969.602,3.53534,1.1164,1.02272,-76.9463,1,1.83867,14.9456,0.0577979
2012-04-13 00:11:03,56030.00767361111,8464.104104337783,66.70573094059094,229.58861938134646,-60.81584393653068,4125.89,247.008,15.1088,0.0650164,979.726,3.72668,1.21877,1.08071,-56.0392,1,2.05166,15.0234,0.0626602
2012-04-13 00:11:27,56030.00795138889,8464.343117493858,66.3041386465003,229.5886112832123,-60.81584734421084,4321.69,248.004,15.0546,0.0623211,989.211,3.37635,1.2055,1.01265,-48.7681,0,1.94941,14.9671,0.0598788
2012-04-13 00:11:51,56030.00822916667,8464.597086038726,66.86164895951912,229.58859086661187,-60.81578363079002,4268.21,259.058,15.0727,0.0659144,994.447,3.56983,1.22735,1.05832,-61.4127,1,2.0095,14.9709,0.0605908
2012-04-13 00:12:15,56030.00850694445,8464.718648376414,67.45517304764468,229.58865032178963,-60.81581773073616,4296.87,264.928,15.0679,0.0669584,1000.99,3.80555,1.23602,1.113,-49.5197,1,2.11176,15.031,0.0640232
2012-04-13 00:12:38,56030.00877314815,8464.746842835155,68.14338646228101,229.58837221058002,-60.81580134558137,5148.06,302.3,14.8752,0.0637713,1008.08,5.53315,1.56604,1.20373,-64.4074,1,2.49876,14.9149,0.0577042
2012-04-13 00:13:02,56030.009050925924,8464.748443192922,67.97249942684992,229.58842444628692,-60.81584383674703,4691.69,284.633,14.9756,0.0658849,1015.14,5.71186,1.41098,1.1107,-60.4086,1,2.30043,14.9527,0.0604801
2012-04-13 00:13:26,56030.0093287037,8464.614418498719,68.95637183155306,229.58844253317042,-60.81579673697391,4829.79,305.469,14.9394,0.0686862,1026.49,6.54517,1.4972,1.14785,-68.1103,1,2.4067,14.9444,0.0600767
2012-04-13 00:29:09,56030.02024305556,8468.478227192109,76.1119216773844,229.5885552556261,-60.81581035313137,5080.74,322.856,14.9806,0.0690098,1333.24,5.37156,1.26524,1.1282,-70.3658,0,2.13431,14.8865,0.0580408
2012-04-13 00:29:33,56030.020520833335,8468.770244701464,75.37729859241749,229.5884776030769,-60.815773932166316,5748.44,355.214,14.8442,0.0671074,1346.71,7.65372,1.57618,1.19656,-63.1448,0,2.55001,14.8923,0.0588762
2012-04-13 00:29:57,56030.02079861111,8468.282169578777,75.65747001861466,229.58849719624533,-60.81581158819002,5785.29,337.301,14.8376,0.0633173,1358.92,5.61106,1.40378,1.20768,-59.1516,0,2.4039,14.8713,0.0575189
2012-04-13 00:30:21,56030.02107638889,8468.310309713937,75.85619230121921,229.5885376795927,-60.81579567995522,5265.34,339.025,14.9393,0.0699254,1365.92,8.9098,1.5107,1.24503,-64.6461,0,2.53251,14.9259,0.0610199
2012-04-13 00:30:45,56030.02135416667,8468.356724373161,75.43046884110846,229.58853076168086,-60.815824500464245,5393.61,322.468,14.9124,0.0649287,1377.95,4.65343,1.28955,1.10219,-61.2398,0,2.19841,14.8943,0.0590992
2012-04-13 00:31:09,56030.021631944444,8468.266662435215,75.7114536620839,229.58853515093094,-60.81579744625894,5310.79,339.629,14.9335,0.0694505,1389.79,6.46043,1.37755,1.12608,-69.8253,0,2.38672,14.9064,0.0595931
2012-04-13 00:31:33,56030.02190972222,8467.915711732032,76.58499726338697,229.5884140526373,-60.815781744597345,5646.26,354.728,14.8634,0.0682283,1405.68,6.79162,1.45982,1.19512,-64.194,0,2.45493,14.884,0.0591485
2012-04-13 00:31:57,56030.0221875,8468.037301782193,77.14549844777711,229.58836494386827,-60.81578183274793,5610.35,335.257,14.867,0.064896,1414.49,6.22031,1.55682,1.00876,-59.0619,0,2.49803,14.8598,0.0583842
2012-04-13 00:32:21,56030.022465277776,8468.508287185316,77.48466629770992,229.58848080457312,-60.81580802543003,5165.26,325.874,14.9594,0.0685154,1432.44,5.64136,1.27734,1.12482,-72.7294,0,2.17114,14.9243,0.0618831
2012-04-13 00:32:45,56030.02274305555,8469.373994936881,76.14388660842197,229.5883821608816,-60.81578232858486,5609.58,338.272,14.8719,0.0654886,1442.1,7.05827,1.47015,1.126,-67.4304,0,2.49578,14.9054,0.0610811
2012-04-13 00:33:09,56030.02302083333,8469.786504665275,75.84698795535266,229.5885922734115,-60.81583750750635,5689.94,337.739,14.859,0.064462,1458.83,6.39626,1.35252,1.01857,-50.8981,0,2.32943,14.895,0.0602605
