testcases/62000007.csv
# %ECSV 0.9
# ---
# datatype:
# - {name: DATETIME, datatype: string}
# - {name: MJD, datatype: float64}
# - {name: X, unit: pix, datatype: float64}
# - {name: Y, unit: pix, datatype: float64}
# - {name: RA, unit: deg, datatype: float64}
# - {name: DEC, unit: deg, datatype: float64}
# - {name: FLUX, datatype: float64}
# - {name: FLUX_ERR, datatype: float64}
# - {name: MAG_AUTO, unit: mag, datatype: float32}
# - {name: MAGERR_AUTO, unit: mag, datatype: float32}
# - {name: BACKGROUND, datatype: float64}
# - {name: FWHM, unit: pix, datatype: float32}
# - {name: A, unit: pix, datatype: float32}
# - {name: B, unit: pix, datatype: float32}
# - {name: THETA, unit: deg, datatype: float32}
# - {name: FLAGS, datatype: int16}
# - {name: R50, unit: pix, datatype: float32}
# - {name: MAG, unit: mag, datatype: float32}
# - {name: MAGERR, unit: mag, datatype: float32}
# delimiter: ','
# meta: !!omap
# - {DATASET: AST3}
# - {FIELD: hd136488}
# - {OBJID: 62000007}
# - {OBJECT: J151821.23-604857.04}
# - {RA: 229.588455}
# - {DEC: -60.815845}
# - {MAG: 14.9656}
# - {CREATED: '2016-01-12T02:13:27'}
# - comments: ['', 'Chinese Astronomical Data Center(CAsDC), http://casdc.china-vo.org', 'EMail: support@china-vo.org', '', 'Chinese Virtual
#       Observatory(China-VO), http://www.china-vo.org', '']
# schema: astropy-2.0
DATETIME,MJD,X,Y,RA,DEC,FLUX,FLUX_ERR,MAG_AUTO,MAGERR_AUTO,BACKGROUND,FWHM,A,B,THETA,FLAGS,R50,MAG,MAGERR
[from data line 75]
2012-04-13 00:33:57,56030.02357638889,8470.468396180035,75.26391686030534,229.58841605239584,-60.815789076816195,5872.47,353.288,14.8272,0.0653339,1486.81,6.48696,1.49728,1.18759,-58.7789,0,2.50704,14.8054,0.0557803
2012-04-13 00:34:21,56030.02385416667,8470.415230801507,75.40900322514123,229.58846486020443,-60.815815644524264,5160.72,354.645,14.962,0.07463,1503.69,7.53984,1.44756,1.0998,-54.3491,0,2.39422,14.9521,0.0655697
2012-04-13 00:34:45,56030.02413194445,8470.929296560073,75.28120333036374,229.58831493933246,-60.81569719644537,5297.67,340.504,14.9256,0.0698019,1517.98,6.90483,1.53658,1.3051,-66.5068,0,2.54079,14.903,0.0641388
2012-04-13 00:38:45,56030.02690972222,8470.588493384432,77.986459202389,229.58846491389653,-60.815865658038135,4829.48,331.768,15.0285,0.0746044,1686.37,4.87792,1.2691,1.10329,-63.1962,0,2.14912,14.9698,0.0696152
2012-04-13 00:39:09,56030.0271875,8471.005602707446,78.5400293288562,229.58846587080984,-60.81580774059244,4749.74,325.133,15.045,0.0743398,1705.28,5.17389,1.23524,1.02608,-79.679,0,2.04671,14.9731,0.0700903
2012-04-13 00:39:33,56030.02746527778,8471.502813733849,79.83833039496186,229.58840075530873,-60.81572980920269,5925.39,381.031,14.8026,0.0698349,1726.45,7.80203,1.76768,1.26571,-58.8225,0,2.68032,14.8697,0.0637036
2012-04-13 00:39:57,56030.02774305556,8471.245658040376,81.18931273610647,229.58848584885308,-60.81580497751073,5540.24,357.157,14.8776,0.0700101,1741.13,7.46659,1.37338,1.14189,-60.2479,0,2.32044,14.9031,0.0659374
2012-04-13 00:40:21,56030.028020833335,8471.329119506363,81.74739712456179,229.58832244785862,-60.81581764066555,5544.04,363.083,14.8653,0.0711229,1772.9,7.44773,1.52769,1.13104,-54.1221,0,2.47426,14.8692,0.0649028
2012-04-13 00:40:45,56030.02829861111,8471.968281347501,82.78196329977317,229.5884060961843,-60.815776277636516,5403.34,361.589,14.8905,0.0726746,1799.65,6.54408,1.73894,1.1064,-61.503,0,2.74841,14.9473,0.0701044
2012-04-13 00:41:09,56030.02857638889,8472.03520097718,84.23651505553069,229.58831183365405,-60.81575149579665,6603.19,402.368,14.6691,0.0661759,1823.21,6.6693,1.66617,1.36949,-59.3888,0,2.70789,14.7184,0.0571755
2012-04-13 00:41:33,56030.02885416667,8471.592289242713,86.36756864892726,229.58847886054286,-60.81576465023933,4950.41,357.287,14.9767,0.0783801,1851.37,5.69838,1.38606,1.2607,-65.914,0,2.30223,14.9142,0.0692614
2012-04-13 00:41:57,56030.029131944444,8470.93943810568,88.08494698655518,229.58848678080605,-60.81577236143341,5515.39,352.726,14.8565,0.069453,1876.02,5.7351,1.59935,1.08907,-60.4739,0,2.56214,14.9206,0.0699881
2012-04-13 00:42:21,56030.02940972222,8471.062655652531,88.64817111659308,229.58860438752802,-60.81582839032998,5111.6,350.557,14.931,0.0744787,1904.75,5.96374,1.20151,1.003,-51.9846,0,2.1232,14.9018,0.0688946
2012-04-13 00:42:45,56030.0296875,8471.772756124656,88.46901818589475,229.58858752629072,-60.815779783023615,4710.96,334.534,15.0093,0.0771188,1936.21,4.79451,1.33954,1.05706,-60.064,0,2.24363,15.0015,0.0772777
2012-04-13 00:43:09,56030.029965277776,8471.994529175503,88.36483786566163,229.58842281026975,-60.81577681841958,5667.04,367.104,14.8121,0.0703497,1950.27,6.92994,1.49539,1.11642,-66.9521,0,2.38871,14.8264,0.065835
2012-04-13 00:43:33,56030.03024305555,8472.497361829628,88.29689416657827,229.58844758641743,-60.81582873417755,5670.97,425.26,14.8178,0.0814379,1966.04,6.84134,1.57313,1.27353,-49.0461,0,2.59589,14.9185,0.0720288
2012-04-13 00:43:57,56030.03052083333,8472.785322618067,88.58353694496883,229.58836348623433,-60.81572871102352,5553.24,373.961,14.8383,0.0731324,1993.31,6.36553,1.56943,1.20409,-66.3781,0,2.52573,14.8728,0.0687739
2012-04-13 00:44:21,56030.030798611115,8471.944132615536,89.6483873121186,229.58865057162987,-60.81584867806897,4696.78,339.615,15.016,0.0785265,2012.69,7.15263,1.27721,0.980149,-68.8001,0,2.19863,15.0837,0.0846876
