testdata/62000006.csv
# %ECSV 0.9
# ---
# datatype:
# - {name: DATETIME, datatype: string}
# - {name: MJD, datatype: float64}
# - {name: X, unit: pix, datatype: float64}
# - {name: Y, unit: pix, datatype: float64}
# - {name: RA, unit: deg, datatype: float64}
# - {name: DEC, unit: deg, datatype: float64}
# - {name: FLUX, datatype: float64}
# - {name: FLUX_ERR, datatype: float64}
# - {name: MAG_AUTO, unit: mag, datatype: float32}
# - {name: MAGERR_AUTO, unit: mag, datatype: float32}
# - {name: BACKGROUND, datatype: float64}
# - {name: FWHM, unit: pix, datatype: float32}
# - {name: A, unit: pix, datatype: float32}
# - {name: B, unit: pix, datatype: float32}
# - {name: THETA, unit: deg, datatype: float32}
# - {name: FLAGS, datatype: int16}
# - {name: R50, unit: pix, datatype: float32}
# - {name: MAG, unit: mag, datatype: float32}
# - {name: MAGERR, unit: mag, datatype: float32}
# delimiter: ','
# meta: !!omap
# - {DATASET: AST3}
# - {FIELD: hd136488}
# - {OBJID: 62000006}
# - {OBJECT: J151821.06-604914.68}
# - {RA: 229.587769}
# - {DEC: -60.820744}
# - {MAG: 14.3963}
# - {CREATED: '2016-01-12T02:13:27'}
# - comments: ['', 'Chinese Astronomical Data Center(CAsDC), http://casdc.china-vo.org', 'EMail: support@china-vo.org', '', 'Chinese Virtual
#       Observatory(China-VO), http://www.china-vo.org', '']
# schema: astropy-2.0
DATETIME,MJD,X,Y,RA,DEC,FLUX,FLUX_ERR,MAG_AUTO,MAGERR_AUTO,BACKGROUND,FWHM,A,B,THETA,FLAGS,R50,MAG,MAGERR
[from data line 76]
2012-04-13 00:34:21,56030.02385416667,8452.778996516821,73.79522043124466,229.58757435128217,-60.820699368051216,9212.28,384.825,14.3329,0.0453655,1506.58,3.84404,1.25716,1.17147,-54.7778,0,2.11606,14.2619,0.0352768
2012-04-13 00:34:45,56030.02413194445,8452.824593225216,74.0224673651817,229.5876269934667,-60.82071036281656,9443.33,398.592,14.298,0.0458388,1523.52,4.11988,1.30417,1.24551,-76.3676,0,2.18772,14.2202,0.0347693
2012-04-13 00:38:45,56030.02690972222,8453.190108388582,76.39100145375853,229.5875871754873,-60.82068362046194,9282.8,476.251,14.3191,0.0557169,1689.84,3.55558,1.25034,1.09693,-76.2088,0,2.08982,14.3219,0.0387021
2012-04-13 00:39:09,56030.0271875,8453.515678945616,76.91357287213758,229.58757094161555,-60.82065109810001,9808.71,405.262,14.2576,0.0448698,1708.02,3.73358,1.21997,1.18672,85.0263,0,2.13585,14.2566,0.0368097
2012-04-13 00:39:33,56030.02746527778,8453.527299451413,78.24217446570188,229.5875241640324,-60.82070759215766,9498.35,415.279,14.2903,0.0474813,1728.7,3.8343,1.22104,1.12208,82.2712,0,2.06291,14.2506,0.0365
2012-04-13 00:39:57,56030.02774305556,8453.591525979025,79.55031820713286,229.5875847703818,-60.82069383600105,9576.91,408.146,14.2834,0.0462828,1744.66,3.88716,1.19659,1.10245,-72.5242,0,2.02721,14.241,0.036392
2012-04-13 00:40:21,56030.028020833335,8453.676213312781,80.32188136178277,229.58754287512954,-60.820705994437596,8878.37,409.896,14.354,0.0501384,1776.39,3.97564,1.22405,1.13556,-75.5703,0,2.05602,14.3201,0.0395777
2012-04-13 00:40:45,56030.02829861111,8454.228430112884,81.22100085046806,229.58755012254153,-60.820688824612674,9114.08,467.392,14.3229,0.0556926,1800.13,3.64183,1.23749,1.1268,-70.1598,0,2.12557,14.3487,0.0408137
2012-04-13 00:41:09,56030.02857638889,8454.089132268347,82.9139596805058,229.58759192983007,-60.82072096369479,8819.67,396.574,14.3548,0.0488317,1827.24,3.58782,1.22218,1.1182,83.302,0,2.04691,14.3013,0.0393336
2012-04-13 00:41:33,56030.02885416667,8453.76623149816,84.7840335250614,229.5876109006201,-60.820701113556,9208.7,407.071,14.3028,0.0480067,1854.85,4.26019,1.26307,1.17513,-84.1772,0,2.1275,14.2785,0.0390633
2012-04-13 00:41:57,56030.029131944444,8453.176017724334,86.41044586215061,229.58756729551612,-60.820691587860466,9587.16,465.368,14.2562,0.0527153,1877.88,3.62913,1.2241,1.05722,-86.3721,0,2.05525,14.2724,0.0390391
2012-04-13 00:42:21,56030.02940972222,8453.461810199587,86.77723534684907,229.58757340746894,-60.82070279321685,8598.69,392.046,14.3663,0.0495148,1908.16,3.11177,1.11411,1.02965,-88.1162,0,1.91367,14.3304,0.0412339
2012-04-13 00:42:45,56030.0296875,8454.066614618096,86.63285843906299,229.5875767957964,-60.82068332674296,9046.37,411.994,14.3009,0.0494592,1939.3,3.96158,1.18692,1.06481,-83.8055,0,1.99655,14.2587,0.0395018
2012-04-13 00:43:09,56030.029965277776,8454.210694829226,86.76317381702171,229.5875456484773,-60.82070166629767,8721.43,403.467,14.344,0.05024,1950.38,3.80141,1.16545,1.05399,-73.4793,0,1.95994,14.2938,0.0406764
2012-04-13 00:43:33,56030.03024305555,8454.849801905784,86.72931465385562,229.5875897778694,-60.82071583400174,9872.82,476.262,14.2158,0.0523883,1970.74,3.96005,1.28694,1.20753,-79.5174,0,2.20885,14.2182,0.0382801
2012-04-13 00:43:57,56030.03052083333,8454.827777560631,87.12415979482259,229.5875679436891,-60.82070151973016,9543.79,457.885,14.2503,0.0521032,1996.37,3.17953,1.181,1.06597,79.6067,0,2.0064,14.2348,0.0386561
2012-04-13 00:44:21,56030.030798611115,8454.439991570125,87.67691201186614,229.58756361327696,-60.82069648275514,10683.2,490.836,14.1238,0.0498958,2014.34,4.09031,1.30924,1.22295,83.4863,0,2.32687,14.2074,0.0383377
